,id,created_utc,title,selftext,subreddit,subreddit_id,url
0,reaia6,1639261872,"We went from Tinder superlike and date, to him (30M) ghosting and now coming back requesting to be platonic friends with me (29F)",[removed],datingoverthirty,t5_34cyw,https://www.reddit.com/r/datingoverthirty/comments/reaia6/we_went_from_tinder_superlike_and_date_to_him_30m/
1,rebnwq,1639265521,Women and men please send advice,[removed],datingoverthirty,t5_34cyw,https://www.reddit.com/r/datingoverthirty/comments/rebnwq/women_and_men_please_send_advice/
2,rebu1i,1639266083,Can I get some thoughts here?,[removed],datingoverthirty,t5_34cyw,https://www.reddit.com/r/datingoverthirty/comments/rebu1i/can_i_get_some_thoughts_here/
3,rebz2v,1639266536,Wanted sexy starving real estate agent. 38 - 45 yrs old,[removed],datingoverthirty,t5_34cyw,https://www.reddit.com/r/datingoverthirty/comments/rebz2v/wanted_sexy_starving_real_estate_agent_38_45_yrs/
4,rechfl,1639268151,"Guys please stop hitting on the least attractive girl in the group to get to the hotter one, it does not work and to be honest it is just awkward",[removed],datingoverthirty,t5_34cyw,https://www.reddit.com/r/datingoverthirty/comments/rechfl/guys_please_stop_hitting_on_the_least_attractive/
5,recj0j,1639268299,Is he interested? Help me get over hesitancy to ask him out?,[removed],datingoverthirty,t5_34cyw,https://www.reddit.com/r/datingoverthirty/comments/recj0j/is_he_interested_help_me_get_over_hesitancy_to/
6,recvf6,1639269417,How to subdue infatuation after first date?,[removed],datingoverthirty,t5_34cyw,https://www.reddit.com/r/datingoverthirty/comments/recvf6/how_to_subdue_infatuation_after_first_date/
7,red1mj,1639269998,The most action I (33f) had today was,[removed],datingoverthirty,t5_34cyw,https://www.reddit.com/r/datingoverthirty/comments/red1mj/the_most_action_i_33f_had_today_was/
8,red59t,1639270339,Quantum leap,[removed],datingoverthirty,t5_34cyw,https://www.reddit.com/r/datingoverthirty/comments/red59t/quantum_leap/
9,redk0d,1639271634,"Those who are introverted, how do you express interest in someone?",[removed],datingoverthirty,t5_34cyw,https://www.reddit.com/r/datingoverthirty/comments/redk0d/those_who_are_introverted_how_do_you_express/
10,redzf0,1639273025,Does such a woman even exist?,[removed],datingoverthirty,t5_34cyw,https://www.reddit.com/r/datingoverthirty/comments/redzf0/does_such_a_woman_even_exist/
11,reeozm,1639275372,For those who need physical touch/interaction in early dating stages,[removed],datingoverthirty,t5_34cyw,https://www.reddit.com/r/datingoverthirty/comments/reeozm/for_those_who_need_physical_touchinteraction_in/
12,reex2u,1639276138,Do I mention I saw him out...?,[removed],datingoverthirty,t5_34cyw,https://www.reddit.com/r/datingoverthirty/comments/reex2u/do_i_mention_i_saw_him_out/
13,reflsl,1639278468,Do women who stay single into their 30s not want kids?,[removed],datingoverthirty,t5_34cyw,https://www.reddit.com/r/datingoverthirty/comments/reflsl/do_women_who_stay_single_into_their_30s_not_want/
14,regf8o,1639281342,Why does this sub pretend it's inclusive of men?,[removed],datingoverthirty,t5_34cyw,https://www.reddit.com/r/datingoverthirty/comments/regf8o/why_does_this_sub_pretend_its_inclusive_of_men/
15,rehsxf,1639286181,I (33F) really like my friend/coworker (29M) and it seems like he likes me too but I need advice,[removed],datingoverthirty,t5_34cyw,https://www.reddit.com/r/datingoverthirty/comments/rehsxf/i_33f_really_like_my_friendcoworker_29m_and_it/
16,rehviu,1639286447,A year in review. Dating in 2021 (rant),[removed],datingoverthirty,t5_34cyw,https://www.reddit.com/r/datingoverthirty/comments/rehviu/a_year_in_review_dating_in_2021_rant/
17,rehzz3,1639286910,She lost interest in me - how do i get her back !! ??,[removed],datingoverthirty,t5_34cyw,https://www.reddit.com/r/datingoverthirty/comments/rehzz3/she_lost_interest_in_me_how_do_i_get_her_back/
18,reiioi,1639288841,Do I take a break or keep rolling with the punches?,[removed],datingoverthirty,t5_34cyw,https://www.reddit.com/r/datingoverthirty/comments/reiioi/do_i_take_a_break_or_keep_rolling_with_the_punches/
19,reik4n,1639288995,Any other woman been single longer than 7 years here?,[removed],datingoverthirty,t5_34cyw,https://www.reddit.com/r/datingoverthirty/comments/reik4n/any_other_woman_been_single_longer_than_7_years/
20,reioyk,1639289523,Not sure where to start,[removed],datingoverthirty,t5_34cyw,https://www.reddit.com/r/datingoverthirty/comments/reioyk/not_sure_where_to_start/
21,rejaqf,1639291957,Location,[removed],datingoverthirty,t5_34cyw,https://www.reddit.com/r/datingoverthirty/comments/rejaqf/location/
22,rejlpv,1639293163,"It’s funny how the world works, but not in a good way…at least for me",[removed],datingoverthirty,t5_34cyw,https://www.reddit.com/r/datingoverthirty/comments/rejlpv/its_funny_how_the_world_works_but_not_in_a_good/
23,rejyuc,1639294656,Question for the 30's/early-40's crowd: how do you feel about potential partners who have kids or pets?,[removed],datingoverthirty,t5_34cyw,https://www.reddit.com/r/datingoverthirty/comments/rejyuc/question_for_the_30searly40s_crowd_how_do_you/
24,rekqan,1639297912,"5th date in 2 weeks, I’m crazy about her",[removed],datingoverthirty,t5_34cyw,https://www.reddit.com/r/datingoverthirty/comments/rekqan/5th_date_in_2_weeks_im_crazy_about_her/
25,remtxw,1639306981,"Self-worth, dating and rejection: what does it feel like to have a self-worth?",[removed],datingoverthirty,t5_34cyw,https://www.reddit.com/r/datingoverthirty/comments/remtxw/selfworth_dating_and_rejection_what_does_it_feel/
26,ren9iy,1639308794,How do I shut down my roommates crush on me?,[removed],datingoverthirty,t5_34cyw,https://www.reddit.com/r/datingoverthirty/comments/ren9iy/how_do_i_shut_down_my_roommates_crush_on_me/
27,rep7ls,1639316362,How to stop getting frustrated and not care?,[removed],datingoverthirty,t5_34cyw,https://www.reddit.com/r/datingoverthirty/comments/rep7ls/how_to_stop_getting_frustrated_and_not_care/
28,repctp,1639316890,Is this worth pursuing?,[removed],datingoverthirty,t5_34cyw,https://www.reddit.com/r/datingoverthirty/comments/repctp/is_this_worth_pursuing/
29,rephim,1639317354,"After a year of trying online dating, I've made the decision to delete all my profiles heading into 2022",[removed],datingoverthirty,t5_34cyw,https://www.reddit.com/r/datingoverthirty/comments/rephim/after_a_year_of_trying_online_dating_ive_made_the/
30,repqzj,1639318188,How do you cope with a breakup?,[removed],datingoverthirty,t5_34cyw,https://www.reddit.com/r/datingoverthirty/comments/repqzj/how_do_you_cope_with_a_breakup/
31,repuad,1639318479,Is match.com dead?,[removed],datingoverthirty,t5_34cyw,https://www.reddit.com/r/datingoverthirty/comments/repuad/is_matchcom_dead/
32,repuuu,1639318529,Navigating kidding during a pandemic,[removed],datingoverthirty,t5_34cyw,https://www.reddit.com/r/datingoverthirty/comments/repuuu/navigating_kidding_during_a_pandemic/
33,repw15,1639318644,Navigating kissing during a pandemic,[removed],datingoverthirty,t5_34cyw,https://www.reddit.com/r/datingoverthirty/comments/repw15/navigating_kissing_during_a_pandemic/
34,repzkj,1639318961,Anyone else feel this when dating,[removed],datingoverthirty,t5_34cyw,https://www.reddit.com/r/datingoverthirty/comments/repzkj/anyone_else_feel_this_when_dating/
35,reqf6r,1639320386,How does a solitary introverted homebody find a compatible partner when we're both just home doing our own thing?,[removed],datingoverthirty,t5_34cyw,https://www.reddit.com/r/datingoverthirty/comments/reqf6r/how_does_a_solitary_introverted_homebody_find_a/
36,reqhhu,1639320590,How do you move beyond an endless string of dates?,[removed],datingoverthirty,t5_34cyw,https://www.reddit.com/r/datingoverthirty/comments/reqhhu/how_do_you_move_beyond_an_endless_string_of_dates/
37,requ3i,1639321621,Deleting all dating apps moving into 2022,[removed],datingoverthirty,t5_34cyw,https://www.reddit.com/r/datingoverthirty/comments/requ3i/deleting_all_dating_apps_moving_into_2022/
38,rerc97,1639323163,"Wife out being naughty, so am I",[removed],datingoverthirty,t5_34cyw,https://www.reddit.com/r/datingoverthirty/comments/rerc97/wife_out_being_naughty_so_am_i/
39,rerf7y,1639323411,12 Days of Christmas (Online Dating Remix),[removed],datingoverthirty,t5_34cyw,https://www.reddit.com/r/datingoverthirty/comments/rerf7y/12_days_of_christmas_online_dating_remix/
40,rerpny,1639324307,Ghosting and respecting the dead,[removed],datingoverthirty,t5_34cyw,https://www.reddit.com/r/datingoverthirty/comments/rerpny/ghosting_and_respecting_the_dead/
41,resa96,1639325986,My boyfriend shared a private moment with his friend and I don’t know what to do next,[removed],datingoverthirty,t5_34cyw,https://www.reddit.com/r/datingoverthirty/comments/resa96/my_boyfriend_shared_a_private_moment_with_his/
42,retud9,1639330488,To trust inherently or go with caution,[removed],datingoverthirty,t5_34cyw,https://www.reddit.com/r/datingoverthirty/comments/retud9/to_trust_inherently_or_go_with_caution/
43,reuxti,1639333576,"ENM folks and others who are deliberate about being non-exclusive, is it something you had to read up on, or did you figure it out on your own?",[removed],datingoverthirty,t5_34cyw,https://www.reddit.com/r/datingoverthirty/comments/reuxti/enm_folks_and_others_who_are_deliberate_about/
44,rev4kb,1639334113,First date after a break for self-improvement from toxic relationships.,[removed],datingoverthirty,t5_34cyw,https://www.reddit.com/r/datingoverthirty/comments/rev4kb/first_date_after_a_break_for_selfimprovement_from/
45,revyp4,1639336467,I’d like to hear some men,[removed],datingoverthirty,t5_34cyw,https://www.reddit.com/r/datingoverthirty/comments/revyp4/id_like_to_hear_some_men/
46,rew1ie,1639336681,Self sabotaging acts in relationships.,[removed],datingoverthirty,t5_34cyw,https://www.reddit.com/r/datingoverthirty/comments/rew1ie/self_sabotaging_acts_in_relationships/
47,rew4rd,1639336945,I want a boyfriend,[removed],datingoverthirty,t5_34cyw,https://www.reddit.com/r/datingoverthirty/comments/rew4rd/i_want_a_boyfriend/
48,rew962,1639337297,Escaping the friend zone,[removed],datingoverthirty,t5_34cyw,https://www.reddit.com/r/datingoverthirty/comments/rew962/escaping_the_friend_zone/
49,rexn9v,1639341269,Need advice. Ran into someone I dated a few months ago and she asked why I didn’t want to be friends.,[removed],datingoverthirty,t5_34cyw,https://www.reddit.com/r/datingoverthirty/comments/rexn9v/need_advice_ran_into_someone_i_dated_a_few_months/
50,rexqy0,1639341567,My Match.com profile,[removed],datingoverthirty,t5_34cyw,https://www.reddit.com/r/datingoverthirty/comments/rexqy0/my_matchcom_profile/
51,rey553,1639342737,"I (33M) really like this woman (31F), but I am not sure what to do about this, or how to talk with her about it.",[removed],datingoverthirty,t5_34cyw,https://www.reddit.com/r/datingoverthirty/comments/rey553/i_33m_really_like_this_woman_31f_but_i_am_not/
52,reyapm,1639343148,"If online dating is as bad as everyone says it is, what is the point?",[removed],datingoverthirty,t5_34cyw,https://www.reddit.com/r/datingoverthirty/comments/reyapm/if_online_dating_is_as_bad_as_everyone_says_it_is/
53,reyay0,1639343167,What was your experience with relationships this year?,[removed],datingoverthirty,t5_34cyw,https://www.reddit.com/r/datingoverthirty/comments/reyay0/what_was_your_experience_with_relationships_this/
54,reyneb,1639344172,"Met someone great, and now he's moving away.",[removed],datingoverthirty,t5_34cyw,https://www.reddit.com/r/datingoverthirty/comments/reyneb/met_someone_great_and_now_hes_moving_away/
55,rez513,1639345581,Ghosted for the first time ever,[removed],datingoverthirty,t5_34cyw,https://www.reddit.com/r/datingoverthirty/comments/rez513/ghosted_for_the_first_time_ever/
56,rez894,1639345838,"How pissed should I be this is the second time I’ve gone over to my boyfriend’s house, and he’s been hungover",[removed],datingoverthirty,t5_34cyw,https://www.reddit.com/r/datingoverthirty/comments/rez894/how_pissed_should_i_be_this_is_the_second_time/
57,rez96p,1639345914,Is it worth settling?,[removed],datingoverthirty,t5_34cyw,https://www.reddit.com/r/datingoverthirty/comments/rez96p/is_it_worth_settling/
58,rezfur,1639346433,"i'm 33m but look 23. i'm handsome and in shape etc. im not interested in a relationship and i dont want kids. how do i find a sugarmomma who's got money and wants to hike, climb mountains and see the world?",[removed],datingoverthirty,t5_34cyw,https://www.reddit.com/r/datingoverthirty/comments/rezfur/im_33m_but_look_23_im_handsome_and_in_shape_etc/
59,rezmqm,1639346973,"3 Succcessful Dates, But Something Feels Off...",[removed],datingoverthirty,t5_34cyw,https://www.reddit.com/r/datingoverthirty/comments/rezmqm/3_succcessful_dates_but_something_feels_off/
60,rezp40,1639347163,Idk anymore,[removed],datingoverthirty,t5_34cyw,https://www.reddit.com/r/datingoverthirty/comments/rezp40/idk_anymore/
61,rf0dme,1639349161,Dating someone who just got divorced.,[removed],datingoverthirty,t5_34cyw,https://www.reddit.com/r/datingoverthirty/comments/rf0dme/dating_someone_who_just_got_divorced/
62,rf1bs6,1639351912,Gut Check Request,[removed],datingoverthirty,t5_34cyw,https://www.reddit.com/r/datingoverthirty/comments/rf1bs6/gut_check_request/
63,rf1dfh,1639352049,Men asking you to go on a vacation/trips together from the start,[removed],datingoverthirty,t5_34cyw,https://www.reddit.com/r/datingoverthirty/comments/rf1dfh/men_asking_you_to_go_on_a_vacationtrips_together/
64,rf1j07,1639352526,New member,[removed],datingoverthirty,t5_34cyw,https://www.reddit.com/r/datingoverthirty/comments/rf1j07/new_member/
65,rf1nym,1639352937,Guy suggested hotel for 2nd date…,[removed],datingoverthirty,t5_34cyw,https://www.reddit.com/r/datingoverthirty/comments/rf1nym/guy_suggested_hotel_for_2nd_date/
66,rf1x88,1639353683,Help! Not sure how to proceed?!,[removed],datingoverthirty,t5_34cyw,https://www.reddit.com/r/datingoverthirty/comments/rf1x88/help_not_sure_how_to_proceed/
67,rf2jle,1639355579,Cultural differences in dating?,[removed],datingoverthirty,t5_34cyw,https://www.reddit.com/r/datingoverthirty/comments/rf2jle/cultural_differences_in_dating/
68,rf2pze,1639356150,Does the ‘spark’ actually exist? I (30F) have gone on 3 dates with a somewhat amazing man (29M) and am yet to develop any real feelings. A part of me wants to end this instead of pushing for something that isn’t really there ?,[removed],datingoverthirty,t5_34cyw,https://www.reddit.com/r/datingoverthirty/comments/rf2pze/does_the_spark_actually_exist_i_30f_have_gone_on/
69,rf3guq,1639358419,32f find connecting with men very difficult,[removed],datingoverthirty,t5_34cyw,https://www.reddit.com/r/datingoverthirty/comments/rf3guq/32f_find_connecting_with_men_very_difficult/
70,rf3jsw,1639358665,I am sad !,[removed],datingoverthirty,t5_34cyw,https://www.reddit.com/r/datingoverthirty/comments/rf3jsw/i_am_sad/
71,rf3sw5,1639359432,Ever lose interest in someone and then become interested again and had it work out?,[removed],datingoverthirty,t5_34cyw,https://www.reddit.com/r/datingoverthirty/comments/rf3sw5/ever_lose_interest_in_someone_and_then_become/
72,rf4kgh,1639361757,Hinge Profile Critique,[removed],datingoverthirty,t5_34cyw,https://www.reddit.com/r/datingoverthirty/comments/rf4kgh/hinge_profile_critique/
73,rf5hj1,1639364598,When your relationship turned into a competition,[removed],datingoverthirty,t5_34cyw,https://www.reddit.com/r/datingoverthirty/comments/rf5hj1/when_your_relationship_turned_into_a_competition/
74,rf5nz9,1639365151,Does anyone else in their mid-late 30s feel like they've missed their window due to the past few years?,[removed],datingoverthirty,t5_34cyw,https://www.reddit.com/r/datingoverthirty/comments/rf5nz9/does_anyone_else_in_their_midlate_30s_feel_like/
75,rf5obq,1639365181,Something very strange...!!!,[removed],datingoverthirty,t5_34cyw,https://www.reddit.com/r/datingoverthirty/comments/rf5obq/something_very_strange/
76,rf5qbw,1639365345,"I'm annoyed at how many men put they're open to non-monogamy but mean ""for me, not you, lol""",[removed],datingoverthirty,t5_34cyw,https://www.reddit.com/r/datingoverthirty/comments/rf5qbw/im_annoyed_at_how_many_men_put_theyre_open_to/
77,rf6398,1639366464,Is my person even out there?,[removed],datingoverthirty,t5_34cyw,https://www.reddit.com/r/datingoverthirty/comments/rf6398/is_my_person_even_out_there/
78,rf6hmx,1639367759,Love bombing date - ends in ghosting - what do you think?,[removed],datingoverthirty,t5_34cyw,https://www.reddit.com/r/datingoverthirty/comments/rf6hmx/love_bombing_date_ends_in_ghosting_what_do_you/
79,rf6hxv,1639367790,Well ... I did it!,[removed],datingoverthirty,t5_34cyw,https://www.reddit.com/r/datingoverthirty/comments/rf6hxv/well_i_did_it/
80,rf6ikq,1639367850,Do I need to learn how to baby sit?,[removed],datingoverthirty,t5_34cyw,https://www.reddit.com/r/datingoverthirty/comments/rf6ikq/do_i_need_to_learn_how_to_baby_sit/
81,rf6y9a,1639369212,It’s always me reaching out to her…,[removed],datingoverthirty,t5_34cyw,https://www.reddit.com/r/datingoverthirty/comments/rf6y9a/its_always_me_reaching_out_to_her/
82,rf6ybn,1639369217,How do you date confidently online?,[removed],datingoverthirty,t5_34cyw,https://www.reddit.com/r/datingoverthirty/comments/rf6ybn/how_do_you_date_confidently_online/
83,rf70jz,1639369416,If you're single...Have you ever questioned if that's a *good* thing (societally)?,[removed],datingoverthirty,t5_34cyw,https://www.reddit.com/r/datingoverthirty/comments/rf70jz/if_youre_singlehave_you_ever_questioned_if_thats/
84,rf7kaw,1639371214,Wanting a girlfriend to have a purpose in life?,[removed],datingoverthirty,t5_34cyw,https://www.reddit.com/r/datingoverthirty/comments/rf7kaw/wanting_a_girlfriend_to_have_a_purpose_in_life/
85,rf7nkc,1639371514,Next step?,[removed],datingoverthirty,t5_34cyw,https://www.reddit.com/r/datingoverthirty/comments/rf7nkc/next_step/
86,rf7oq1,1639371619,Rant or rave? Tell us about your weekend!,"How did your weekend go? Any good, bad or meh dates you want to tell us about?",datingoverthirty,t5_34cyw,https://www.reddit.com/r/datingoverthirty/comments/rf7oq1/rant_or_rave_tell_us_about_your_weekend/
87,rf8h4q,1639374227,was it weird to offer a guy a ride to his car after a date?,[removed],datingoverthirty,t5_34cyw,https://www.reddit.com/r/datingoverthirty/comments/rf8h4q/was_it_weird_to_offer_a_guy_a_ride_to_his_car/
88,rf8h6j,1639374232,Debating what my next move should be. Living with ex.,[removed],datingoverthirty,t5_34cyw,https://www.reddit.com/r/datingoverthirty/comments/rf8h6j/debating_what_my_next_move_should_be_living_with/
89,rf8zrr,1639376120,"When someone asks for ""space"" what does that mean to you?",[removed],datingoverthirty,t5_34cyw,https://www.reddit.com/r/datingoverthirty/comments/rf8zrr/when_someone_asks_for_space_what_does_that_mean/
90,rf9ttj,1639379293,I can't get anywhere,[removed],datingoverthirty,t5_34cyw,https://www.reddit.com/r/datingoverthirty/comments/rf9ttj/i_cant_get_anywhere/
91,rfab4s,1639381195,Wish I gotten married sooner,[removed],datingoverthirty,t5_34cyw,https://www.reddit.com/r/datingoverthirty/comments/rfab4s/wish_i_gotten_married_sooner/
92,rfad1p,1639381404,Went on 2 dates to find out she was only looking for friends the whole time…please stop doing this!!!,[removed],datingoverthirty,t5_34cyw,https://www.reddit.com/r/datingoverthirty/comments/rfad1p/went_on_2_dates_to_find_out_she_was_only_looking/
93,rfaq8p,1639382875,Looking for a LTR,[removed],datingoverthirty,t5_34cyw,https://www.reddit.com/r/datingoverthirty/comments/rfaq8p/looking_for_a_ltr/
94,rfaycz,1639383786,🤔 to rat or not to rat,[removed],datingoverthirty,t5_34cyw,https://www.reddit.com/r/datingoverthirty/comments/rfaycz/to_rat_or_not_to_rat/
95,rfcq0h,1639391147,Accepting that you have gone down in “dating league”,[removed],datingoverthirty,t5_34cyw,https://www.reddit.com/r/datingoverthirty/comments/rfcq0h/accepting_that_you_have_gone_down_in_dating_league/
96,rfdmao,1639394734,Hi!,[removed],datingoverthirty,t5_34cyw,https://www.reddit.com/r/datingoverthirty/comments/rfdmao/hi/
97,rfe3i5,1639396612,I like the idea of a long term relationship and/or marriage...but also my SPACE!!!,[removed],datingoverthirty,t5_34cyw,https://www.reddit.com/r/datingoverthirty/comments/rfe3i5/i_like_the_idea_of_a_long_term_relationship_andor/
98,rfegto,1639397945,20[F4m][snapchat][mary_ealiso2021] NEW SNAP 😭 looking for trading and sexting partner until we cum together! hit up the gray arrow for surprise;) snap me now PS : I actually send 😊,[removed],datingoverthirty,t5_34cyw,https://www.reddit.com/r/datingoverthirty/comments/rfegto/20f4msnapchatmary_ealiso2021_new_snap_looking_for/
99,rfemli,1639398513,Dating someone fresh out of a relationship. Non-exclusive. How to pace things? Should I date others?,[removed],datingoverthirty,t5_34cyw,https://www.reddit.com/r/datingoverthirty/comments/rfemli/dating_someone_fresh_out_of_a_relationship/
